[gd_scene format=3 uid="uid://brpm3ba25tof"]

[ext_resource type="Script" uid="uid://kic75boclit7" path="res://bots/Bot.cs" id="1_q82rx"]
[ext_resource type="Resource" uid="uid://bwct4p6ibf6el" path="res://bots/foxy/foxy_data.tres" id="2_m52rn"]
[ext_resource type="PackedScene" uid="uid://cyvrlujru6gse" path="res://bots/foxy/model/Foxy.gltf" id="3_m52rn"]
[ext_resource type="PackedScene" uid="uid://dooujtvr7jt8g" path="res://components/bot_animation/bot_animation_comp.tscn" id="4_tw8hw"]

[node name="Foxy" type="Node3D" unique_id=1191031499 node_paths=PackedStringArray("AnimationPlayer")]
script = ExtResource("1_q82rx")
BotData = ExtResource("2_m52rn")
AnimationPlayer = NodePath("BotAnimationComp")

[node name="Model" parent="." unique_id=609151235 instance=ExtResource("3_m52rn")]

[node name="HeadSim" type="SpringBoneSimulator3D" parent="Model/Rig/Skeleton3D" parent_id_path=PackedInt32Array(609151235, 1084119075) index="0" unique_id=181148111]
transform = Transform3D(-4.371139e-08, 0, 1, 0, 1, 0, -1, 0, -4.371139e-08, 0, 0, 0)
setting_count = 1
settings/0/root_bone_name = "Neck_2"
settings/0/root_bone = 11
settings/0/end_bone_name = "Head_2"
settings/0/end_bone = 12
settings/0/extend_end_bone = true
settings/0/end_bone/direction = 6
settings/0/end_bone/length = 0.35
settings/0/center_from = 0
settings/0/individual_config = false
settings/0/rotation_axis = 3
settings/0/radius/value = 0.15
settings/0/radius/damping_curve = null
settings/0/stiffness/value = 2.0
settings/0/stiffness/damping_curve = null
settings/0/drag/value = 0.15
settings/0/drag/damping_curve = null
settings/0/gravity/value = 0.0
settings/0/gravity/damping_curve = null
settings/0/gravity/direction = Vector3(0, -1, 0)
settings/0/joints/0/bone_name = "Neck_2"
settings/0/joints/0/bone = 11
settings/0/joints/1/bone_name = "Head_2"
settings/0/joints/1/bone = 12
settings/0/enable_all_child_collisions = true
settings/0/exclude_collision_count = 0

[node name="JawSim" type="SpringBoneSimulator3D" parent="Model/Rig/Skeleton3D" parent_id_path=PackedInt32Array(609151235, 1084119075) index="1" unique_id=2070086014]
transform = Transform3D(-4.371139e-08, 0, 1, 0, 1, 0, -1, 0, -4.371139e-08, 0, 0, 0)
setting_count = 2
settings/0/root_bone_name = "Jaw_2"
settings/0/root_bone = 19
settings/0/end_bone_name = "Jaw_2"
settings/0/end_bone = 19
settings/0/extend_end_bone = true
settings/0/end_bone/direction = 2
settings/0/end_bone/length = 0.207
settings/0/center_from = 0
settings/0/individual_config = false
settings/0/rotation_axis = 3
settings/0/radius/value = 0.015
settings/0/radius/damping_curve = null
settings/0/stiffness/value = 1.5
settings/0/stiffness/damping_curve = null
settings/0/drag/value = 0.4
settings/0/drag/damping_curve = null
settings/0/gravity/value = 0.0
settings/0/gravity/damping_curve = null
settings/0/gravity/direction = Vector3(0, -1, 0)
settings/0/joints/0/bone_name = "Jaw_2"
settings/0/joints/0/bone = 19
settings/0/enable_all_child_collisions = true
settings/0/exclude_collision_count = 0
settings/1/root_bone_name = "Uppermouth"
settings/1/root_bone = -1
settings/1/end_bone_name = "Uppermouth_end"
settings/1/end_bone = -1
settings/1/end_bone/direction = 6
settings/1/end_bone/length = 0.105
settings/1/center_from = 0
settings/1/individual_config = false
settings/1/rotation_axis = 3
settings/1/radius/value = 0.02
settings/1/radius/damping_curve = null
settings/1/stiffness/value = 1.0
settings/1/stiffness/damping_curve = null
settings/1/drag/value = 0.4
settings/1/drag/damping_curve = null
settings/1/gravity/value = 0.0
settings/1/gravity/damping_curve = null
settings/1/gravity/direction = Vector3(0, -1, 0)
settings/1/enable_all_child_collisions = true
settings/1/exclude_collision_count = 0

[node name="BodySim" type="SpringBoneSimulator3D" parent="Model/Rig/Skeleton3D" parent_id_path=PackedInt32Array(609151235, 1084119075) index="2" unique_id=1549745359]
transform = Transform3D(-4.371139e-08, 0, 1, 0, 1, 0, -1, 0, -4.371139e-08, 0, 0, 0)
setting_count = 1
settings/0/root_bone_name = "BodyLower"
settings/0/root_bone = 5
settings/0/end_bone_name = "BodyUpper"
settings/0/end_bone = 6
settings/0/extend_end_bone = true
settings/0/end_bone/direction = 6
settings/0/end_bone/length = 0.425
settings/0/center_from = 0
settings/0/individual_config = false
settings/0/rotation_axis = 3
settings/0/radius/value = 0.154
settings/0/radius/damping_curve = null
settings/0/stiffness/value = 0.8
settings/0/stiffness/damping_curve = null
settings/0/drag/value = 0.29
settings/0/drag/damping_curve = null
settings/0/gravity/value = 0.0
settings/0/gravity/damping_curve = null
settings/0/gravity/direction = Vector3(0, -1, 0)
settings/0/joints/0/bone_name = "BodyLower"
settings/0/joints/0/bone = 5
settings/0/joints/1/bone_name = "BodyUpper"
settings/0/joints/1/bone = 6
settings/0/enable_all_child_collisions = true
settings/0/exclude_collision_count = 0

[node name="ArmSim" type="SpringBoneSimulator3D" parent="Model/Rig/Skeleton3D" parent_id_path=PackedInt32Array(609151235, 1084119075) index="3" unique_id=1237150427]
transform = Transform3D(1, 0, 0, 0, 0.99999994, 0, 0, 0, 0.99999994, 0, 0, 0)
setting_count = 2
settings/0/root_bone_name = "UpperArm.R"
settings/0/root_bone = 8
settings/0/end_bone_name = "Hand.R"
settings/0/end_bone = 10
settings/0/extend_end_bone = false
settings/0/center_from = 0
settings/0/individual_config = false
settings/0/rotation_axis = 3
settings/0/radius/value = 0.1
settings/0/radius/damping_curve = null
settings/0/stiffness/value = 1.5
settings/0/stiffness/damping_curve = null
settings/0/drag/value = 0.08
settings/0/drag/damping_curve = null
settings/0/gravity/value = 0.0
settings/0/gravity/damping_curve = null
settings/0/gravity/direction = Vector3(0, -1, 0)
settings/0/joints/0/bone_name = "UpperArm.R"
settings/0/joints/0/bone = 8
settings/0/joints/1/bone_name = "LowerArm.R"
settings/0/joints/1/bone = 9
settings/0/joints/2/bone_name = "Hand.R"
settings/0/joints/2/bone = 10
settings/0/enable_all_child_collisions = true
settings/0/exclude_collision_count = 0
settings/1/root_bone_name = "UpperArm.L"
settings/1/root_bone = 22
settings/1/end_bone_name = "Hand.L"
settings/1/end_bone = 24
settings/1/extend_end_bone = false
settings/1/center_from = 0
settings/1/individual_config = false
settings/1/rotation_axis = 3
settings/1/radius/value = 0.02
settings/1/radius/damping_curve = null
settings/1/stiffness/value = 1.0
settings/1/stiffness/damping_curve = null
settings/1/drag/value = 0.4
settings/1/drag/damping_curve = null
settings/1/gravity/value = 0.0
settings/1/gravity/damping_curve = null
settings/1/gravity/direction = Vector3(0, -1, 0)
settings/1/joints/0/bone_name = "UpperArm.L"
settings/1/joints/0/bone = 22
settings/1/joints/1/bone_name = "LowerArm.L"
settings/1/joints/1/bone = 23
settings/1/joints/2/bone_name = "Hand.L"
settings/1/joints/2/bone = 24
settings/1/enable_all_child_collisions = true
settings/1/exclude_collision_count = 0

[node name="Hand_R" parent="Model/Rig/Skeleton3D" parent_id_path=PackedInt32Array(609151235, 1084119075) index="7" unique_id=1172960379]
transform = Transform3D(-0.99976534, -0.0072224946, -0.020428551, 0.0073225736, -0.9999617, -0.0048288177, -0.020392882, -0.004977267, 0.9997796, -0.31841594, 0.8520322, 0.0081501575)

[node name="LowerArm_R" parent="Model/Rig/Skeleton3D" parent_id_path=PackedInt32Array(609151235, 1084119075) index="8" unique_id=1211572125]
transform = Transform3D(-0.99939823, -0.030935155, 0.015701056, 0.030931331, -0.99952155, -0.0004859385, 0.015708577, 1.3969839e-08, 0.99987656, -0.31107584, 1.0891942, 0.008150155)

[node name="UpperArm_R" parent="Model/Rig/Skeleton3D" parent_id_path=PackedInt32Array(609151235, 1084119075) index="9" unique_id=1361405229]
transform = Transform3D(-0.9791657, -0.20290595, -0.0079905875, 0.20289917, -0.9791983, 0.0016557937, -0.008160338, 1.8626451e-08, 0.9999667, -0.26487046, 1.3121753, 0.008150152)

[node name="Shoulder_R" parent="Model/Rig/Skeleton3D" parent_id_path=PackedInt32Array(609151235, 1084119075) index="10" unique_id=2073906191]
transform = Transform3D(-0.3116845, -0.94930065, 0.040999126, 0.95018554, -0.31138778, 0.01359777, -0.00014175475, 0.04319499, 0.99906653, -0.09259887, 1.4506129, -5.5879354e-09)

[node name="Ear_R" parent="Model/Rig/Skeleton3D" parent_id_path=PackedInt32Array(609151235, 1084119075) index="11" unique_id=1877419601]
transform = Transform3D(0.97883964, -0.2041712, 0.0136763435, 0.20462872, 0.97665083, -0.065420516, -2.9838176e-08, 0.066834755, 0.99776393, -0.098800026, 1.745924, 1.1055391e-08)

[node name="Eye_R" parent="Model/Rig/Skeleton3D" parent_id_path=PackedInt32Array(609151235, 1084119075) index="12" unique_id=518423477]
transform = Transform3D(-0.99987, 0.014468062, -0.007101941, -0.0071026855, -1.2293417e-07, 0.99997455, 0.014467693, 0.99989516, 0.000102868114, -0.051354565, 1.7156794, 0.114675805)

[node name="Eyelid_R" parent="Model/Rig/Skeleton3D" parent_id_path=PackedInt32Array(609151235, 1084119075) index="13" unique_id=2091279854]
transform = Transform3D(-0.9999753, 4.461754e-05, -0.0069912355, -0.006991095, -0.015344383, 0.9998577, -6.266488e-05, 0.99988216, 0.015344311, -0.051354565, 1.7156794, 0.11467579)

[node name="Ear_L" parent="Model/Rig/Skeleton3D" parent_id_path=PackedInt32Array(609151235, 1084119075) index="14" unique_id=1695821736]
transform = Transform3D(0.97883964, 0.20417124, -0.013676348, -0.20462877, 0.97665083, -0.06542053, 2.8286692e-08, 0.06683476, 0.99776393, 0.098800026, 1.745924, 1.1055411e-08)

[node name="Eye_L" parent="Model/Rig/Skeleton3D" parent_id_path=PackedInt32Array(609151235, 1084119075) index="15" unique_id=1210201648]
transform = Transform3D(-0.99988496, -0.014468038, -0.0045647137, -0.004565193, 5.5879703e-08, 0.9999894, -0.014467895, 0.9998946, -6.6171226e-05, 0.051354982, 1.7156794, 0.114675805)

[node name="Eyelid_L" parent="Model/Rig/Skeleton3D" parent_id_path=PackedInt32Array(609151235, 1084119075) index="16" unique_id=1717898995]
transform = Transform3D(-0.9999833, 5.343368e-05, -0.005785207, -0.005785345, -0.015344504, 0.9998655, -3.5344558e-05, 0.9998823, 0.015344548, 0.051354565, 1.7156794, 0.11467579)

[node name="Jaw_2" parent="Model/Rig/Skeleton3D" parent_id_path=PackedInt32Array(609151235, 1084119075) index="17" unique_id=116175227]
transform = Transform3D(1, 3.126388e-13, 5.0702924e-06, 4.8419915e-06, -0.2966934, -0.9549726, 1.5043221e-06, 0.9549727, -0.29669338, -2.343755e-15, 1.5950902, 0.068588816)

[node name="Head_2" parent="Model/Rig/Skeleton3D" parent_id_path=PackedInt32Array(609151235, 1084119075) index="18" unique_id=1957245441]
transform = Transform3D(1, 1.7763564e-15, 2.3841854e-07, -4.484254e-16, 0.9999999, -3.7252903e-09, -2.3841855e-07, -1.1175871e-08, 0.9999999, -5.6739825e-16, 1.559005, -1.1969833e-08)

[node name="Neck_2" parent="Model/Rig/Skeleton3D" parent_id_path=PackedInt32Array(609151235, 1084119075) index="19" unique_id=1665494182]
transform = Transform3D(1, 0, 2.3841854e-07, 2.2161092e-15, 0.9999999, -7.450581e-09, -2.3841855e-07, -7.450581e-09, 0.9999999, -5.673987e-16, 1.4524413, -1.1175871e-08)

[node name="Hand_Pinkie_Cap_L" parent="Model/Rig/Skeleton3D" parent_id_path=PackedInt32Array(609151235, 1084119075) index="21" unique_id=643364768]
transform = Transform3D(0.020505076, 0.012197714, 0.9997152, -0.01601974, -0.999793, 0.012527325, 0.99966127, -0.016272044, -0.020305464, 0.32068822, 0.6002679, -0.04682497)

[node name="Hand_Pinkie_Lower_L" parent="Model/Rig/Skeleton3D" parent_id_path=PackedInt32Array(609151235, 1084119075) index="22" unique_id=1573548309]
transform = Transform3D(0.020705588, 0.012193533, 0.99971116, -0.03246401, -0.99938995, 0.012862078, 0.9992583, -0.032720946, -0.020297142, 0.3201136, 0.64735955, -0.04528314)

[node name="Hand_Pinkie_Upper_L" parent="Model/Rig/Skeleton3D" parent_id_path=PackedInt32Array(609151235, 1084119075) index="23" unique_id=1906041954]
transform = Transform3D(0.020693904, 0.012194155, 0.9997114, -0.031486187, -0.9994215, 0.0128424615, 0.9992898, -0.03174286, -0.02029802, 0.3194814, 0.69917434, -0.04363744)

[node name="Hand_Ring_Cap_L" parent="Model/Rig/Skeleton3D" parent_id_path=PackedInt32Array(609151235, 1084119075) index="24" unique_id=2032489393]
transform = Transform3D(0.020656226, 0.012195257, 0.9997122, -0.028434988, -0.9995136, 0.012780451, 0.999382, -0.028690794, -0.020299448, 0.32076654, 0.5937739, -0.012607131)

[node name="Hand_Ring_Lower_L" parent="Model/Rig/Skeleton3D" parent_id_path=PackedInt32Array(609151235, 1084119075) index="25" unique_id=1113064729]
transform = Transform3D(0.020656269, 0.012195211, 0.9997122, -0.028435033, -0.9995136, 0.012780407, 0.999382, -0.02869084, -0.020299492, 0.32018727, 0.6412509, -0.011244316)

[node name="Hand_Ring_Upper_L" parent="Model/Rig/Skeleton3D" parent_id_path=PackedInt32Array(609151235, 1084119075) index="26" unique_id=745054136]
transform = Transform3D(0.020542681, 0.012197337, 0.99971455, -0.019095607, -0.9997382, 0.012590097, 0.9996065, -0.019348785, -0.020304427, 0.31964988, 0.68529576, -0.010391876)

[node name="Hand_Middle_Cap_L" parent="Model/Rig/Skeleton3D" parent_id_path=PackedInt32Array(609151235, 1084119075) index="27" unique_id=615296418]
transform = Transform3D(0.02065647, 0.01219499, 0.99971217, -0.028435003, -0.99951357, 0.012780191, 0.99938196, -0.028690806, -0.020299703, 0.32075158, 0.59493446, 0.02053578)

[node name="Hand_Middle_Lower_L" parent="Model/Rig/Skeleton3D" parent_id_path=PackedInt32Array(609151235, 1084119075) index="28" unique_id=1348691534]
transform = Transform3D(0.02065642, 0.012195168, 0.9997122, -0.028435009, -0.9995136, 0.012780368, 0.999382, -0.028690815, -0.020299647, 0.3201803, 0.6417521, 0.02187967)

[node name="Hand_Middle_Upper_L" parent="Model/Rig/Skeleton3D" parent_id_path=PackedInt32Array(609151235, 1084119075) index="29" unique_id=887669407]
transform = Transform3D(0.020545509, 0.012197351, 0.9997145, -0.01931422, -0.99973387, 0.012594609, 0.99960214, -0.019567462, -0.020304501, 0.3196301, 0.68685204, 0.022762397)

[node name="Hand_Pointer_Cap_L" parent="Model/Rig/Skeleton3D" parent_id_path=PackedInt32Array(609151235, 1084119075) index="30" unique_id=301799610]
transform = Transform3D(0.02065643, 0.012195031, 0.9997122, -0.028435012, -0.9995135, 0.012780233, 0.999382, -0.028690813, -0.020299662, 0.32071078, 0.5982087, 0.054311737)

[node name="Hand_Pointer_Lower_L" parent="Model/Rig/Skeleton3D" parent_id_path=PackedInt32Array(609151235, 1084119075) index="31" unique_id=855430594]
transform = Transform3D(0.020656431, 0.012195033, 0.9997122, -0.028434994, -0.99951357, 0.012780234, 0.999382, -0.028690796, -0.020299664, 0.3201431, 0.6447362, 0.0556473)

[node name="Hand_Pointer_Upper_L" parent="Model/Rig/Skeleton3D" parent_id_path=PackedInt32Array(609151235, 1084119075) index="32" unique_id=84641741]
transform = Transform3D(0.02054551, 0.012197351, 0.9997145, -0.019314077, -0.99973387, 0.012594607, 0.9996022, -0.019567316, -0.020304505, 0.31959283, 0.6898361, 0.056530017)

[node name="Hand_Thumb_Cap_L" parent="Model/Rig/Skeleton3D" parent_id_path=PackedInt32Array(609151235, 1084119075) index="33" unique_id=1766549326]
transform = Transform3D(0.009988838, 0.0064657466, 0.99992913, 0.84694, -0.53166467, -0.0050226077, 0.5315946, 0.8469302, -0.0107868435, 0.31907332, 0.73231494, 0.10895662)

[node name="Hand_Thumb_Upper_L" parent="Model/Rig/Skeleton3D" parent_id_path=PackedInt32Array(609151235, 1084119075) index="34" unique_id=1996145231]
transform = Transform3D(0.009946821, 0.0063974783, 0.99992996, 0.85039914, -0.52611333, -0.0050932416, 0.52604395, 0.8503904, -0.010673597, 0.31869882, 0.76310986, 0.059180763)

[node name="Hand_L" parent="Model/Rig/Skeleton3D" parent_id_path=PackedInt32Array(609151235, 1084119075) index="35" unique_id=646961597]
transform = Transform3D(0.0204282, 0.0072224126, 0.9997652, -0.00482881, -0.9999614, 0.007322581, 0.99977964, -0.0049772547, -0.020392573, 0.31841618, 0.85203236, 0.008150157)

[node name="LowerArm_L" parent="Model/Rig/Skeleton3D" parent_id_path=PackedInt32Array(609151235, 1084119075) index="36" unique_id=1526199231]
transform = Transform3D(-0.9993981, 0.030935453, -0.015701046, -0.030931719, -0.99952126, -0.00048594014, -0.015708562, 2.3050234e-08, 0.9998766, 0.31107593, 1.0891943, 0.008150151)

[node name="UpperArm_L" parent="Model/Rig/Skeleton3D" parent_id_path=PackedInt32Array(609151235, 1084119075) index="37" unique_id=1122589678]
transform = Transform3D(-0.97916555, 0.20290613, 0.007990692, -0.20289943, -0.97919804, 0.0016558161, 0.008160457, 2.0489097e-08, 0.99996674, 0.2648705, 1.3121754, 0.008150147)

[node name="Shoulder_L" parent="Model/Rig/Skeleton3D" parent_id_path=PackedInt32Array(609151235, 1084119075) index="38" unique_id=1116935861]
transform = Transform3D(-0.31168452, 0.9493007, -0.040999133, -0.95018566, -0.31138778, 0.013597783, 0.00014176965, 0.043195, 0.9990667, 0.09259887, 1.4506129, -1.3038516e-08)

[node name="BodyUpper" parent="Model/Rig/Skeleton3D" parent_id_path=PackedInt32Array(609151235, 1084119075) index="39" unique_id=1771307502]
transform = Transform3D(1, -1.7763568e-15, 2.3841854e-07, -1.0395353e-08, 0.99904895, 0.04360129, -2.3819182e-07, -0.043601297, 0.9990489, 3.7859758e-16, 1.0376096, 0.018104415)

[node name="Tail_2" parent="Model/Rig/Skeleton3D" parent_id_path=PackedInt32Array(609151235, 1084119075) index="40" unique_id=672575092]
transform = Transform3D(0.9999998, -0.0004322468, -0.0004320147, 0.0004320146, -3.3527613e-07, 0.99999994, -0.00043224686, -0.99999994, -9.685755e-08, 0, 0.866167, -0.09397528)

[node name="BodyLower" parent="Model/Rig/Skeleton3D" parent_id_path=PackedInt32Array(609151235, 1084119075) index="41" unique_id=1472085621]
transform = Transform3D(1, 0, 2.3841858e-07, 1.5046716e-08, 0.9980065, -0.06311049, -2.3794331e-07, 0.06311049, 0.9980065, 0, 0.7513128, 0)

[node name="BotAnimationComp" parent="." unique_id=1090741615 node_paths=PackedStringArray("AnimPlayer", "Skeleton") instance=ExtResource("4_tw8hw")]
transform = Transform3D(1, 0, 0, 0, 1, 0, 0, 0, 1, 0, 1, 0)
AnimPlayer = NodePath("../Model/AnimationPlayer")
Skeleton = NodePath("../Model/Rig/Skeleton3D")
BotData = ExtResource("2_m52rn")

[editable path="Model"]
